2068
29
1070
3196
909
1451
1266
1672
4591
3144
613
4927
1331
1170
1162
4936
2694
2226
1973
1538
1659
2109
2879
4279
3370
648
4801
380
3639
1090
3319
2975
1423
3343
3632
3263
4518
3541
1068
4932
3311
312
4292
4736
3837
786
680
3605
740
1522
3479
83
4675
861
2786
3439
4148
145
259
2764
3550
3762
2256
2357
223
2985
3180
4239
611
1569
229
3864
3240
1692
1886
1455
3837
2828
114
3076
3894
3854
3599
3272
2906
785
1012
1205
935
4546
830
52
1726
4394
4086
2034
2504
1108
1219
3188
1556
222
2761
1989
2727
2293
2911
114
2231
4769
2917
147
3578
932
4216
1451
369
2186
2091
4089
1799
2242
4044
3908
3159
160
2218
1575
3105
3747
4946
2149
1825
2351
910
4933
1518
1829
3531
2295
308
4569
3040
53
1203
3355
2815
3061
2298
2020
3552
3733
958
870
307
3434
1561
1982
838
1810
3989
4467
3207
3983
4304
1034
534
2254
1953
174
4030
1891
4635
2015
4903
2640
5
245
4660
1232
2101
1634
4254
4418
1030
1401
3814
4072
2055
4671
666
4281
3653
840
2570
3968
4668
2413
424
2235
3370
3215
3123
1351
4989
1005
4059
2100
531
3789
3773
1019
3660
4211
3373
3509
3728
811
1919
3854
2028
1565
3267
1972
3304
1082
1511
1091
4901
644
1878
2932
2752
2901
4389
4005
1648
358
2638
4972
452
14
4512
906
3302
2605
2100
2451
3978
1218
2337
1598
2550
1685
1481
127
2153
2375
1494
3362
3880
2473
3386
2140
2819
4418
261
3853
3931
3050
3143
4713
2938
1367
4423
2391
1184
616
92
4242
564
4284
2942
1183
1478
4959
374
4349
4609
3223
2144
4426
4274
1092
4248
3370
4959
4325
1390
3139
4577
3221
1894
4283
2434
1828
2362
3364
3290
1463
4884
69
2429
4201
215
629
4500
4594
1756
3831
609
4107
2742
144
3120
4825
2231
4074
3035
4344
4375
2733
4697
966
2263
3852
4567
1135
4885
3456
767
3726
1509
3774
501
4787
3622
1578
4150
1316
2401
2552
3083
4267
1067
4206
2904
4221
1284
2576
1724
3868
3194
2250
4767
3801
2011
1657
1937
3755
3676
1162
1412
4980
2055
473
301
926
1298
862
4307
2382
4602
3670
4463
650
2034
2996
576
212
2250
2453
3201
247
772
1193
2610
2267
3197
2481
1997
2217
4390
1804
2374
2136
4386
4002
439
3375
14
1573
3558
4866
624
1599
1085
93
198
4727
2717
3323
926
3243
1498
2234
3302
1497
2436
989
3133
4646
4483
1844
4750
2966
4971
2658
1249
157
2281
914
4668
1740
4785
49
2275
1867
1974
2060
4412
43
1072
642
4036
1812
2277
3839
4499
430
2792
2011
2444
4311
244
1477
2770
3703
379
2439
3099
1267
4911
4060
2932
1880
3299
3153
2823
4356
2854
1062
2366
2327
2680
4044
4219
2702
3711
1097
540
776
4777
181
2788
692
1260
631
2449
2491
1058
1795
673
3350
4198
4260
2915
4249
2249
240
4812
4351
4724
1632
1903
3171
1471
3037
387
2807
954
1707
2603
561
1121
4971
1975
986
3436
1815
4846
110
3759
4779
4857
1568
3870
2599
1535
1064
1791
407
3731
2653
4945
3977
3174
1202
3152
3472
3355
501
4481
1073
4641
1485
4742
4030
987
1454
4977
642
1889
3777
2583
1609
3055
3109
1832
1897
902
312
2878
1401
3611
4161
257
4533
2097
739
2562
1664
4544
4550
3036
3550
4860
1080
3944
3868
4864
1113
3290
915
2514
2492
3715
3253
2141
358
3246
416
3057
2406
1337
1647
4119
4612
4735
3584
3051
1901
3741
3062
3806
1588
2596
1575
3074
2981
3987
3087
2868
1633
4437
849
3069
47
1733
2969
2048
2027
1403
3640
2712
4888
2377
4486
4467
4614
4313
4374
1309
800
1601
2996
883
2097
3199
1859
3248
759
1999
1269
104
93
1473
1962
678
191
1537
1074
4130
4963
4580
4965
3048
2660
3773
466
1932
774
2888
2334
74
3245
2979
4562
3618
918
3185
1131
3444
2660
3305
3964
4046
4794
3724
334
800
3356
41
2087
880
1093
3030
4220
4748
3755
2400
720
713
4676
3598
479
4117
415
4869
1296
4121
1018
1673
66
2710
956
3315
2188
238
1383
473
3757
3412
4832
932
2806
1554
2690
4454
2206
2777
3372
4633
4315
1899
63
4722
4506
826
2341
4338
4768
4538
3319
1258
3838
4647
1349
2179
3953
1232
4998
3637
2287
2347
3750
4629
4816
1484
157
398
2119
3103
3560
2805
924
420
3163
4449
4651
1117
3085
3596
3373
4488
4435
1350
2632
3410
1299
3491
1544
3229
1862
2001
78
4460
4365
4033
3237
3731
2020
3190
4317
1359
3878
3285
4950
2816
4187
526
4183
4477
1467
4577
3620
1925
535
3910
3717
3236
222
1675
1305
4715
2641
4426
3135
4170
3478
2902
83
1679
1163
1476
4780
1211
1265
3348
592
4703
3419
2240
3024
1518
4332
645
4775
3516
2810
2765
2214
4050
3898
1037
3209
4982
3986
38
4576
652
4597
3033
2115
4533
3657
4676
2831
4250
654
2456
1147
3436
796
1299
4372
114
3639
3627
1013
2527
3599
4485
4956
4891
4830
3730
2416
2714
2627
3877
2089
1006
2364
4737
3565
202
3368
2113
1017
1519
2128
3765
2740
2454
885
2649
3902
3668
2571
3492
1345
3516
210
3772
16
3501
295
2898
2459
1831
1642
4861
4616
3441
778
3179
3688
1635
1243
1346
4594
3427
3455
1871
163
4187
3475
118
2682
4204
1834
686
4838
4053
4657
3289
3548
847
2273
1023
2729
626
645
2215
1135
2828
4353
948
1391
546
3420
3818
17
67
4528
4422
2500
3550
3674
2816
1750
3678
3537
4554
2147
2362
1240
2660
3203
4069
3615
4026
346
4602
2852
3009
3412
203
3664
3026
3124
1723
3450
4571
604
190
414
155
2899
3243
557
1695
3324
3527
2380
3344
4596
2345
3193
1432
502
4043
1177
2780
2002
4618
2884
3031
4624
2246
3529
157
4540
648
3304
535
3437
3018
2814
1328
3541
3566
4703
530
2829
178
3085
1975
4006
4020
3819
1993
4364
3502
3738
30
2078
4720
4852
4390
258
1331
3549
984
4899
2264
1754
3686
1085
4704
2310
2318
1537
2280
3329
2385
3776
1751
3923
3525
3805
1194
1271
2530
156
2569
207
2127
1316
4811
3846
4998
1756
2333
3416
4545
3856
3491
903
780
1308
2802
3898
3716
3655
1091
2259
987
1956
2577
3962
2309
1468
4716
1342
1272
2733
1016
4748
689
31
268
1612
3685
2890
291
406
3586
2146
1213
1096
123
4424
1756
2388
4769
1435
2085
3352
1828
3536
4382
1134
3969
3600
3716
2967
1890
4100
545
870
2861
522
4958
2221
3735
1941
3223
2991
1639
4722
2617
892
2353
1793
3649
691
2139
206
1155
4669
3770
4054
1169
3525
1703
2915
4314
3845
2306
4906
2231
1591
4914
1414
3127
849
1592
3456
1005
2789
4755
4673
3322
1516
3206
4821
3403
345
4911
484
3761
61
904
2142
3871
4362
4737
1590
1088
3864
2096
1413
57
2332
4458
3649
2658
2264
78
799
2469
2759
569
1319
4689
4661
1181
7
3488
1167
2606
4073
3279
3266
1776
4940
3848
3687
1832
57
1875
2476
2995
490
551
654
1607
1948
3017
4523
3059
4794
172
2329
3718
2568
1233
2624
2617
3641
3583
3026
2807
4189
981
1095
850
126
4378
3367
596
2059
3414
3532
2032
4347
949
2191
2538
2662
4005
292
3100
2802
106
1312
881
1640
696
1168
3625
1839
1702
3958
2512
3660
2865
1082
3704
3437
3371
4248
1983
4047
4708
4514
258
1192
2396
3296
2305
3963
894
2295
3742
259
4889
752
2792
3343
1905
1316
773
2918
2741
2305
4004
69
4178
1920
3072
777
1325
4863
1936
3834
4950
191
4458
2296
4326
588
488
3417
892
1254
913
4695
2315
2301
1628
4079
2407
925
833
4757
500
2721
1143
2846
4268
3420
3125
3179
4079
3864
1768
4636
281
2701
3760
712
4079
2154
745
3383
2791
2294
1371
1664
1609
521
398
3719
1228
4495
1665
1932
2112
1722
3464
2919
4303
706
2906
4488
3717
1522
4204
541
2814
3621
3727
2651
2320
659
2996
3593
2229
2291
4236
3120
1568
1882
1598
3602
4507
4718
834
2030
887
233
1248
1136
3432
282
244
1201
3965
220
2632
1359
2031
2753
4375
3292
1647
2667
2226
2227
1191
2473
4596
2759
1794
146
4350
1098
4201
4587
2163
3790
907
1154
3549
1626
3518
1993
2551
2957
113
1610
1580
3151
692
4795
725
2808
366
4428
2259
172
2180
1047
4471
1425
2946
3886
401
4858
3139
2785
3215
1701
833
892
755
2461
587
3579
4520
4372
4490
4678
1883
153
3974
3698
1772
926
300
1936
3798
4652
2192
1425
575
1668
4876
591
3722
4866
1630
1451
3030
4341
677
4470
648
1009
456
4233
1489
4196
368
3012
935
3839
422
19
2770
2851
478
2198
673
1080
2961
3153
208
754
196
3010
1116
1767
877
810
4812
2472
2502
4913
1746
4793
595
4655
4741
3904
1861
2288
165
4888
3963
1259
3727
3888
2268
1569
2790
4851
489
4352
2304
1014
817
1307
1936
1658
4150
1939
4033
1510
3674
3519
4103
4807
4387
3804
4667
4512
910
1057
3652
3599
4837
1963
1143
2496
3042
920
3580
3868
4279
4070
4685
312
3624
861
3913
2457
2036
943
1941
1942
3784
2189
4667
3034
2168
4772
4919
3716
4595
1927
2805
3208
1902
4807
2133
4721
153
765
4442
1923
4344
1355
226
2543
3148
1227
4076
2956
2716
2857
3384
2346
4877
3587
1672
3696
1366
693
4992
2900
3990
480
1684
4437
2595
568
2332
484
1126
4240
4711
1435
1969
1655
1469
3453
1667
5
1266
2187
2014
2531
2542
2977
2828
1880
1295
4350
1558
4587
798
2621
1391
1565
289
503
2808
4652
250
4532
2341
224
4971
3703
4075
4959
2381
993
1441
4096
386
165
1832
4555
3573
3436
2062
2609
2088
3519
71
2588
3440
3853
2605
846
1476
3075
2228
4509
2810
3246
2325
3084
3090
1923
1889
660
60
3195
1076
672
3393
2581
117
2115
2035
2004
1754
1393
2245
4207
2590
2376
698
2701
4820
4760
4735
532
4878
32
2023
3505
3928
1097
685
4157
1768
3610
3227
643
3078
4366
4733
696
911
4713
4524
4339
3636
272
252
1341
4432
1791
4762
1700
3039
4591
1927
2745
4381
1772
1569
1862
1978
2983
163
77
3632
3952
2362
3445
4214
3767
4533
1222
3960
1412
4141
450
1650
3333
2751
2039
2799
1873
3479
2198
2615
1588
526
4413
973
621
4611
2654
3056
2438
3867
4784
1013
4038
3571
1476
130
341
762
3641
3258
3741
2834
23
1613
3367
855
807
2910
2092
2792
3120
3838
3443
1690
3541
547
3348
1442
3488
3997
4215
4371
4540
4092
4659
2805
1599
2841
1039
1569
2579
2884
4646
2178
3947
1500
2015
1986
2322
513
2295
3123
2053
3601
2502
3594
4176
1543
1525
4852
4908
4060
4421
4610
2555
1987
3013
352
1417
386
4747
410
4352
2828
2136
3068
1920
2291
2330
1715
3807
1936
2934
4845
3163
3076
4189
1601
774
4337
2288
1119
4854
1797
1279
1565
3627
2032
1152
4875
1906
3119
4136
4320
2945
755
1604
3377
3017
4236
824
2333
3845
4239
1555
4776
2932
1553
659
1972
3915
1391
3412
3268
3332
808
702
3412
630
3060
1646
3547
902
4506
4413
2132
4033
3051
2216
511
1228
1787
4580
1630
3094
3304
1924
966
3848
4512
158
1017
764
1280
2321
1766
907
3421
706
4956
1821
4364
750
2102
2270
3217
1846
2760
2985
3072
1861
2417
3968
2757
4263
1702
3933
2060
3072
13
3512
2302
3423
4013
1687
2542
1472
3511
3582
1959
992
4623
335
3345
1705
4933
4443
2933
4765
2942
3866
1988
3803
1478
594
3736
651
3486
3533
125
2550
2769
26
3715
2099
2026
1548
1265
4669
161
1277
1141
3444
2054
3776
4197
3378
2991
2111
742
4542
1902
3772
782
2539
2378
4093
4387
1819
4452
2793
2160
4052
4734
371
4600
414
381
528
4084
4644
3051
876
647
4741
4017
4270
710
4053
2918
3609
1403
3802
3834
124
565
3005
2495
743
800
2327
3385
1105
4027
2237
1385
3523
1052
4059
719
3917
4642
1741
1895
3463
3908
557
2632
2168
3447
1803
1954
3363
197
3844
3719
3645
4467
1451
4155
2894
1371
3124
225
3141
1853
1934
3620
2169
1189
3355
4309
4321
2614
2369
1339
808
2403
3004
4720
3899
964
984
3334
1780
2283
1902
2898
1192
3674
3478
3761
1147
1526
3606
2122
2216
573
3865
923
4273
849
4964
1004
1761
1298
2855
4479
376
3579
3847
1911
2240
2748
356
1565
1875
1625
687
1890
3862
652
4437
4550
170
1589
3398
140
3021
2554
2035
3509
2962
919
1559
4420
675
1962
4685
3798
4326
4909
4846
1363
1843
4512
3445
1933
2447
3132
4287
15
3863
504
4917
1777
4780
1957
450
824
3232
1407
3059
3822
468
4231
161
2364
2476
4050
1703
932
2952
3722
3564
4274
470
1780
3999
348
1782
3635
3022
2237
3065
3728
4423
77
2487
905
3649
4469
1323
804
3362
3965
2085
1637
3866
3414
1445
2721
190
2482
2777
427
3836
2044
3716
4759
3202
710
3989
2650
499
1770
470
4542
2106
3208
354
160
4583
1661
3770
1373
4652
554
859
4987
2491
2392
2487
3281
1109
1628
1195
3676
3056
2003
2457
483
3253
2241
1926
2834
3563
343
1475
1396
760
2180
2957
3364
1526
4714
507
2585
2157
2384
4566
421
1888
3372
4397
1520
3804
483
575
3381
4839
2653
1193
3913
4457
4050
4462
3616
3785
1290
1093
4768
4559
4140
3201
3766
283
4954
925
3552
119
1016
1417
2548
1541
3322
2730
485
1896
2354
1814
4935
3362
2698
1033
182
4503
3692
2985
4762
1138
2560
3911
3667
4574
3930
1031
2374
235
449
1967
151
198
1012
3860
283
4239
2458
4928
1808
515
2797
1282
367
1783
1015
2572
1239
154
2025
2690
2102
4131
1903
1115
1324
3114
3761
1219
4107
1442
4838
1149
537
200
2165
3796
16
2991
1174
4420
4630
3264
527
4231
1380
173
1125
1213
4709
2590
2132
974
762
2331
1927
2654
4797
2740
4919
1095
1906
865
4045
2597
4006
864
2759
1797
1062
4842
4291
4756
1694
1618
2037
1002
3509
865
3636
3011
2431
1212
3396
3860
2988
252
3392
1778
678
4182
2197
3066
2744
707
3643
3678
341
755
2664
4888
4773
2583
397
4389
738
2555
605
2165
2224
4172
3115
3245
7
3348
3170
1708
3382
1621
2800
1831
2856
261
2744
2550
2716
4894
1098
2957
1028
2030
1881
1430
4805
4683
1356
3606
798
3620
1139
3615
2726
3326
3047
368
171
3118
3576
91
3438
4488
2717
4150
2478
498
4139
2019
4446
4254
1645
3633
1669
3501
3064
2856
2740
2711
4650
3035
438
642
3811
3014
4945
1579
3456
2126
454
135
881
4724
956
891
489
3727
2575
506
482
281
278
2293
4828
1311
2269
4252
2594
135
3512
1467
3777
3166
4875
2923
3603
1643
4853
14
841
4810
2660
2825
1086
4713
257
2353
2026
451
4246
1553
3789
1569
4838
3626
3162
8
4522
530
161
1685
573
507
2503
877
884
3946
2531
2500
4046
351
3582
4804
3644
3992
4718
490
725
1125
2693
3209
3815
4523
4065
4831
4602
286
2958
2364
776
1692
1286
609
381
4842
3179
775
2234
3106
529
2135
2398
1645
1205
2187
792
4899
2983
4008
3741
233
2601
392
394
1973
4548
245
28
523
2780
3559
2052
4328
829
3835
1456
701
592
2842
2879
1285
2081
1602
632
2947
47
3663
1795
1082
1052
4915
950
2391
4799
2802
2637
4042
2080
401
1204
1828
2483
1063
2295
836
2504
3478
1055
3384
1606
2414
2954
1358
2377
446
1938
1724
4813
1114
4380
3601
1301
2785
358
3301
4069
892
4977
1039
848
2587
2596
3082
2862
3329
4070
242
1391
2354
2367
4363
1305
2467
3018
3477
3145
2218
3165
3955
2725
3846
444
2477
3349
4789
95
3990
2038
1225
1831
4163
1583
467
4751
2467
1119
1381
2572
3265
1364
3748
857
4266
393
2198
2113
388
4429
4400
1514
1751
2656
197
2347
4959
452
4678
2388
1187
1593
750
1392
2487
1344
3870
3289
2629
3461
4684
2719
276
4470
2546
1819
4453
1940
4082
3349
1161
545
3585
232
123
4639
3373
1363
1738
2237
1616
3126
4314
518
3135
272
2248
1972
1611
4166
3468
4876
2008
4648
2786
4760
4468
438
4038
3908
3928
1539
3206
2288
1585
1871
490
3396
799
2854
3442
1269
1635
4823
1175
4658
2666
1169
2435
4892
2101
113
3397
4964
4288
241
2272
3501
620
3096
4759
3927
2201
1709
3395
896
684
3230
525
1556
4452
4909
3302
2362
138
1130
3181
4939
911
4430
2912
503
4602
4120
1477
3116
3800
1830
3003
3018
4623
1011
728
4964
3408
1001
3117
1939
3572
3876
2732
2940
201
3215
1631
520
161
1831
1848
1914
1490
4747
1943
4423
3660
3628
281
1421
179
3156
781
2260
3100
2778
1300
589
3639
2848
3088
3260
4513
2342
160
1812
4077
2286
2271
3242
2216
2592
281
4277
164
781
548
3460
124
52
2329
1634
1033
2334
3829
3081
334
744
3899
3717
1243
2022
4253
759
1825
4570
1737
2390
2762
1218
86
1590
4076
1651
1022
804
2489
2911
2984
3265
1593
15
1213
1889
4415
1983
4553
4812
4670
44
4702
2704
110
3837
2286
4883
1234
320
1707
3921
4657
2405
2107
3928
840
3454
3418
1739
1633
1507
1103
1267
4365
4318
1272
4159
3608
506
1674
1532
3463
1001
2709
664
610
1772
4825
3747
660
2530
1373
1991
4450
415
4810
170
4319
3923
1355
1154
4007
3084
2531
1710
1332
1638
4552
2542
4201
3592
2850
105
3490
2020
4188
1591
3219
2508
3981
3743
4479
1327
1142
890
136
385
4442
735
4381
2733
786
4342
2693
3963
613
544
189
2633
1274
4832
43
3133
4397
1682
4837
4558
1501
385
2267
3391
679
4384
429
237
397
2832
350
433
3004
2799
2076
4848
1141
2443
4463
45
4037
3718
3004
2219
1360
618
972
659
3307
3471
821
4183
3082
2921
242
3882
157
2358
2752
1761
2972
3184
3568
2317
3493
4901
1819
4387
1375
2907
4488
3402
3142
2923
3235
300
1483
1870
2648
2509
1277
1248
3969
3029
2982
2197
4005
4801
1352
1753
3180
2233
1211
1023
4006
913
4789
680
1862
2810
3331
3376
4425
3772
3951
4549
2864
2824
2449
879
541
1409
3672
809
3453
3350
23
1692
3333
521
1430
1756
832
1152
1093
53
4409
1107
838
577
991
1784
4860
1870
4081
523
3545
3521
609
623
2883
4775
1146
3582
4786
979
1295
3279
1808
23
242
4566
2466
2414
511
70
4372
1010
2813
1559
2379
2580
466
488
4348
3430
842
1709
1747
4414
947
437
14
3541
4973
4381
2132
202
1535
244
2795
1750
2620
29
3155
2187
3205
4223
839
1126
3207
2643
774
3609
4208
4481
1839
309
1042
1355
3048
4884
3868
4888
2326
3875
723
4847
3427
3794
3534
3783
376
1468
4949
1667
4623
1837
3198
3171
1478
2218
4840
438
3279
2626
560
371
2611
738
4438
4681
4384
2280
665
2667
997
2288
4931
1976
522
4328
4394
2323
220
2327
2745
18
4665
3399
1564
4522
2612
1547
1135
12
240
1652
1771
3504
2584
3204
3836
1711
1819
4686
841
2971
67
735
2266
562
2764
4326
3326
3229
306
4165
1085
4936
690
1644
1520
1251
1688
1700
661
1483
3846
2658
1421
1955
4307
1957
840
3692
140
3714
1171
3062
3066
445
2353
1319
1540
2210
2521
1885
1056
1534
1361
1778
886
3360
1408
522
4127
3699
1070
2504
3788
4768
4394
4535
1529
651
1559
1296
936
1398
2994
2379
1279
1266
3100
3777
3255
1808
3620
4047
2386
1292
2486
2764
278
4251
4846
1631
1411
3692
4793
4281
1205
2233
3680
345
1774
1820
936
3609
1743
3499
3884
4744
4278
4264
1383
1514
428
1255
273
558
1276
3335
589
894
397
2185
2689
615
4352
1986
4262
4336
3187
1754
2508
712
3016
845
2278
1410
2562
1226
1724
203
498
3589
4341
3143
3976
2634
2943
2610
2257
3242
1054
370
552
3283
498
2986
4273
4911
1019
1236
3606
894
1011
1886
446
2464
1295
3153
994
4242
1099
1421
1836
488
2790
2339
1751
3381
3922
1611
626
4018
3931
4716
2919
862
4623
1092
4161
3405
4729
4332
2750
1908
3512
798
3945
3290
2735
2890
58
482
1567
3269
311
3902
439
2925
716
1326
2652
4576
597
3062
2809
1807
358
3250
3847
4690
85
337
725
525
9
103
3516
3309
4647
1518
2040
3798
1433
835
4437
1097
2125
4845
1393
1089
936
1170
129
820
587
3155
3403
4811
1965
547
4020
3750
4452
453
4820
2944
2064
2312
4178
3967
4590
4100
3268
1271
4887
1955
3938
1847
1941
3519
3155
4584
1907
3450
4386
3820
4258
3883
4708
1323
1134
1985
3081
4792
1380
2115
853
4373
4170
1515
3301
3349
1252
2969
230
4457
3133
2569
12
1335
3661
210
725
2937
245
1022
2251
4537
155
3688
4691
2483
780
2364
1286
842
724
1497
4568
970
4349
4943
3336
2649
1883
461
1598
4991
3628
1103
1013
1265
2794
267
4210
3928
4698
3687
4571
3376
667
4981
902
594
1873
237
1548
3699
565
3323
2447
2798
1459
3292
1013
885
2260
4327
3330
3416
4820
3834
4231
3649
3018
4571
381
3210
1312
3264
2285
3194
874
4285
844
4394
1880
3665
4678
4463
2283
1611
335
3124
2398
134
4870
847
1030
3197
1162
3037
347
4141
800
283
4258
71
4955
77
4314
2002
4961
4865
4332
2777
1047
4030
1627
2548
1115
218
2976
1118
1851
4322
591
1324
2130
3973
1955
2338
3761
3353
1113
1322
2018
2469
4150
32
3870
610
3550
2349
3119
4068
3925
2701
4505
3908
1272
1377
4935
2638
1348
2150
876
964
3070
2661
4120
4192
3547
3979
4979
2411
868
1553
4943
270
4454
3861
534
4524
4602
3859
1834
4579
1155
3369
754
3757
232
4808
1274
1826
3149
3
4863
4177
140
4906
1175
287
3823
4854
3122
3687
516
3444
2147
1251
41
249
1207
2122
2505
2740
3589
1581
2550
4495
2231
3337
629
2339
2229
1917
4002
3561
285
4494
4375
3861
4795
509
208
4022
4138
3753
4850
3861
242
4784
2797
3808
3619
3759
2702
4392
127
4294
2477
3972
4615
802
4546
2013
4350
4257
1715
2072
4194
1346
3827
960
431
4534
829
297
2162
1170
3815
3103
4851
3552
2646
2318
235
192
547
3531
3481
2198
70
1823
4944
2806
2084
3981
703
3732
3104
1533
4883
1079
2388
359
597
113
4716
3213
4867
2870
618
1923
3159
42
420
2931
3039
1572
3257
4553
1526
838
4338
860
746
1588
1570
2113
4010
1304
3276
3451
2842
1925
956
944
1104
470
2322
2918
1943
2441
898
2575
1505
2800
4223
1042
2262
3913
4303
4190
562
4414
2069
1923
1198
2433
371
2771
769
1841
743
114
27
971
4114
0
445
1704
3280
42
1818
3376
355
4441
2050
1519
3987
1397
474
2096
3310
3196
4745
3359
3344
3551
1458
3477
4493
4084
4323
959
2797
4619
3532
2080
524
2188
1044
345
1795
1719
574
406
1248
3000
3879
173
4282
4326
241
3269
1365
1257
1231
4669
4822
830
1211
3607
3177
3227
281
1320
4257
2161
4439
2497
1462
67
894
4499
3409
2482
2665
2349
1104
1254
161
742
3245
2880
4320
2866
3560
4008
1576
3192
451
980
4217
288
698
3200
4969
707
25
4870
1338
3077
117
3688
3367
2382
2150
268
3621
731
2955
3104
3296
497
1058
4970
4979
2168
1906
1584
3460
2048
3294
1437
1765
556
2587
2169
2103
981
775
3303
4787
158
3534
198
1016
4107
3414
3584
737
3090
1803
4198
1254
3897
1149
1893
893
3703
4615
1685
4760
2774
4537
4910
2720
3812
1937
1608
4904
4003
2050
578
287
43
3424
1204
4148
1712
4547
4838
1831
2748
3571
1694
2558
1810
370
1180
2773
3255
1589
3574
422
341
4041
4379
2684
202
683
3506
1305
170
3326
1763
4298
1219
3671
4154
3720
4889
4460
24
4852
320
2679
755
2804
1712
1698
2642
1260
1309
823
4963
250
875
3608
4614
441
312
675
2343
3603
652
1943
812
1154
894
3327
3486
364
507
4113
162
645
4945
4481
888
2727
4917
4331
85
4978
4431
4187
90
1160
1691
1413
3012
4549
4526
4910
4546
1733
1506
4026
4947
3658
3273
841
3209
2957
759
3381
3820
984
2084
175
663
582
186
4087
924
3427
3710
3696
2066
3828
336
3773
1665
81
652
3123
4274
4714
4044
892
808
3590
1348
888
4886
1439
295
647
3356
3600
1791
2411
3770
2775
651
2740
3809
3033
1324
4186
2060
932
4432
2005
1303
1040
3521
3131
3581
3329
2694
1880
1989
127
3861
4552
902
2925
1931
4618
653
4887
4785
4761
38
110
4801
3608
4457
982
3911
618
916
4423
3022
4051
627
60
1816
3365
32
3931
3270
4589
2039
1774
937
2631
2872
4130
1908
4213
96
261
1898
3092
4747
3255
1021
135
845
120
3294
57
1480
4866
1166
2110
3904
4175
2080
4867
701
1263
1634
3459
3001
2547
4500
2529
2438
702
4041
1975
1891
2520
1986
3421
783
2781
358
534
903
2181
1487
3160
3623
725
1333
3522
3205
3231
2832
1057
1823
4993
3404
2233
1296
207
628
2584
564
3801
2722
868
511
4722
1512
1926
248
1857
814
3958
2370
4605
2447
4352
750
3002
1728
2582
261
4769
1463
1413
615
1305
1787
160
4911
1673
4788
1922
3936
263
465
522
2791
1349
2367
3248
4444
92
4969
3300
4675
3238
4850
4320
4015
1566
3832
3025
4308
2908
2456
3997
1051
4384
1248
223
14
4425
2652
1052
154
2497
3476
4649
4791
2766
2656
223
4393
456
4117
1142
1529
514
2609
3860
4748
2690
2856
3471
2679
4395
1666
324
4405
2113
4937
4318
713
2101
213
361
2764
4988
1259
518
4308
2843
1889
576
96
2468
1664
2543
2950
4320
3501
4790
4091
189
1640
779
2742
4114
3083
2194
314
736
2244
626
1793
4770
2568
1310
2377
3337
2345
4517
2423
4494
295
2852
14
3254
33
2676
2311
1485
1160
4935
332
1410
3214
2230
3939
1836
4593
2586
2855
2810
4959
2224
1970
2214
1446
4267
3105
1178
2279
3406
408
491
223
4907
1018
4693
4922
2705
716
1569
2575
1864
2752
668
2216
4830
643
594
471
4369
824
3459
3582
2066
580
1508
1072
4242
45
2883
3179
720
3547
3253
2349
1826
1367
2790
3509
1641
857
4274
166
1032
1238
4721
1346
2689
4611
2806
4166
4354
1294
2946
3493
1400
3619
615
1247
2118
1359
4718
2425
617
4490
507
32
3971
3668
3753
2611
1003
412
2911
2903
2701
1416
308
1837
4357
2108
3605
4543
4700
658
3745
3544
3051
4378
4245
1613
1506
768
1599
3781
3793
3266
2638
558
4070
2652
2563
2458
2379
2353
3116
596
1556
1999
380
513
1969
3600
3165
3338
3677
2916
4091
3949
4340
3518
3629
1961
4765
4877
1984
2324
2155
440
4879
2337
4749
1167
380
3533
3263
3673
3725
793
3783
4409
3098
1686
4579
3436
522
506
1226
2697
3366
4238
336
2701
4559
3705
3735
215
2480
664
2418
3993
3783
3738
2637
3884
2463
3379
1294
4750
4554
3453
3293
3544
3700
977
2191
1173
2657
2116
117
3135
4962
3940
4648
2812
843
3898
4929
416
577
4315
2336
1676
3013
2419
4307
1240
1939
4189
3080
912
977
2552
2751
2139
2834
808
4440
2347
575
82
2807
1498
3733
2205
4469
4323
270
1066
4778
329
1907
4368
296
1317
3842
3792
851
1923
3610
1232
4103
4446
1363
3238
362
211
4030
3709
2693
1801
3442
1394
3985
4381
3555
4990
1068
4036
3389
696
2706
1675
4820
325
3786
4120
4022
2591
2157
2715
483
896
1769
2449
2391
3899
846
2754
2352
4256
3440
415
816
168
806
577
2025
2190
3738
3275
4463
1223
1175
4819
2727
1280
70
4026
4646
501
3795
4106
4351
4391
1346
188
757
2249
1818
879
4762
2615
4163
1017
4034
1491
2646
3625
4515
2778
1054
2269
1489
1937
3961
2855
2078
1736
4402
646
1166
647
296
1153
348
4605
4904
3235
3560
127
3651
839
3389
3390
2038
74
3101
2864
453
3979
1575
2831
4513
4287
2266
2062
4575
2313
3181
1129
1862
2078
2252
2614
1848
2109
379
1465
3468
23
2188
1571
3725
3989
3724
2056
4624
4041
3363
3274
644
4643
752
989
875
4749
1557
784
2330
2863
3258
3880
4327
332
1205
111
3034
3340
583
2141
4873
4015
3244
4208
4046
4053
562
3562
405
1748
3668
1654
1352
4059
2538
2359
109
2170
4973
1748
4906
4955
685
3583
991
4755
3110
4901
4718
164
872
3332
4185
4490
951
2659
454
3968
2406
4915
917
4731
3931
3414
2703
1206
2750
735
4949
1297
1828
1721
940
1407
2063
4701
4011
4587
4822
4540
4772
4916
2805
4764
3552
4690
304
1844
2298
4501
517
303
1268
99
3292
1537
4597
